NODEID,坐标X,坐标Y,地面高,R,gridcode
WS02003069,582015.7858,3496040.4556,9.345,700,528744
WS02003072,581989.7842,3495969.8816,9.341,700,551707
WS02003073,581974.5015,3495930.5192,9.555,800,568787
WS02003074,581974.5015,3495930.5192,9.366,700,568787
WS02003060,582043.5962,3496116.2524,9.322,700,505014
WS02003066,581990.7331,3496129.37,9.914,730,496187
WS02003115,581200.6449,3496497.5443,9.624,700,367760
WS02003116,581213.2106,3496462.3476,9.741,700,379383
WS02003118,581192.1232,3496421.2465,9.784,800,391500
WS02003215,581204.237,3496485.8036,9.662,700,369298
WS02003110,581187.6359,3496546.8005,9.794,800,347594
WS02003111,581194.0123,3496521.1841,9.478,700,357677
WS02005134,581259.7155,3496998.9887,9.515,700,191662
WS02005155,581182.172,3496572.6563,9.969,700,344263
WS02005154,581185.231,3496608.1041,10.304,700,325641
WS02005193,582279.3333,3497478.3891,11.037,700,32478
WS02005196,582247.2122,3497490.5786,11.156,700,31370
WS02003067,581984.711,3496165.3572,9.54,730,484568
WS02004401,582059.5588,3496591.8816,8.66,800,338974
WS02004402,582027.9538,3496581.9477,8.7,800,340238
WS02004403,582006.4416,3496553.5935,8.96,800,350819
WS02004404,581995.7321,3496532.0894,9.63,800,360638
WS02004406,581978.9365,3496472.9392,9.28,800,382325
WS02004409,581968.1141,3496379.5164,9.13,800,415120
WS02004410,581965.5508,3496331.519,9.26,800,428271
WS02004411,581963.3709,3496288.6928,9.21,800,440910
WS02004412,581959.4483,3496242.474,8.95,800,460812
WS02004413,581977.7181,3496202.6428,8.67,800,472949
WS02004405,581992.2294,3496515.6433,9.65,800,362684
WS02006109,582148.8383,3496860.7222,9.258,800,252490
WS02006110,582148.4381,3496810.956,9.345,800,265232
WS02006111,582136.3056,3496720.4728,9.387,800,297992
WS02006112,582132.3435,3496688.5383,8.563,800,309094
WS02006113,582141.9649,3496766.855,9.623,700,277425
WS02006115,582118.0173,3496637.2368,9.399,800,319099
WS02006116,582101.4505,3496604.2425,9.39,800,337459
WS02006230,582180.2591,3496965.4892,9.395,800,210092
WS02006231,582198.3792,3497000.5536,9.363,800,198815
WS02006232,582214.9024,3497031.8602,9.219,800,187719
WS02006234,582215.4428,3497073.2698,9.117,800,175706
WS02006235,582215.6963,3497101.914,9.164,700,164966
WS02006238,582215.7251,3497110.4654,9.294,800,164238
WS02006240,582216.2952,3497187.3529,9.393,800,132564
WS02006242,582232.5506,3497230.3836,8.819,800,120558
WS02006243,582259.7856,3497269.1498,8.9,800,108740
WS02006245,582279.7931,3497305.2371,9.045,800,97282
WS02006247,582293.6345,3497328.3702,8.97,800,87095
WS02006248,582305.1392,3497357.4708,8.687,800,76179
WS02006249,582307.0776,3497380.547,8.688,800,65986
WS02006239,582216.0269,3497149.9814,9.239,800,144214
WS02006251,582303.5288,3497431.7633,9.88,800,53060
WS02006253,582298.8629,3497459.2884,11.164,800,42317
WS02004407,581967.5199,3496418.6881,9.653,800,396240
WS02006228,582153.1748,3496903.891,9.681,1500,232105
WS02006229,582161.3789,3496927.439,9.944,1500,221733
WS02006280,582151.5484,3496930.8124,10.101,630,221546
WS02006284,582116.3911,3496938.9583,10.479,630,217626
WS02006287,582079.9948,3496949.0531,10.845,730,216328
WS02003091,581525.035,3496079.5923,10.227,800,512531
WS02003203,581511.573,3496085.8909,9.824,800,511756
WS0200404049,581805.1608,3496455.7897,11.784,700,384287
WS6145,581846.8847,3496353.5038,10.555,800,418387
WS6147,581837.0857,3496325.1938,10.574,800,428975
WS6150,581828.1296,3496296.598,10.58,800,439818
WS6152,581818.3613,3496267.5427,10.537,800,450405
WS6155,581808.8268,3496240.2822,10.497,800,460992
WS6156,581799.4744,3496210.7917,10.516,800,471836
WS6136,581850.9683,3496440.8677,10.848,800,393366
WS6140,581865.0945,3496411.1583,10.588,800,403965
WS6142,581856.308,3496382.4506,10.526,800,407800
WS6325,581879.7689,3496454.7551,10.752,800,384580
WS6327,581887.6096,3496484.0329,10.813,800,373736
WS6329,581894.5787,3496512.5385,10.784,800,363147
WS6332,581902.2858,3496542.008,10.733,800,352303
WS6158,581790.257,3496182.4583,10.594,800,482423
WS6335,581909.6947,3496571.1323,10.673,800,348467
WS6338,581917.2039,3496600.5721,10.75,800,337879
WS6340,581924.8792,3496628.5941,10.836,800,327290
WS6342,581931.5977,3496658.0279,11.102,800,316446
WS6135,581872.7916,3496432.734,10.646,800,394400
WS6396,581910.6807,3496423.396,10.251,800,395443
WS6399,581946.334,3496413.753,9.932,800,396741
WS02003082,581800.3031,3495955.5294,9.712,800,560412
WS02003077,581934.5225,3495936.0901,9.732,700,563039
WS02003080,581889.6984,3495942.6477,9.676,800,562249
WS02003083,581749.0809,3495952.9924,9.103,800,560899
WS02003084,581718.7676,3495956.4097,10.279,700,560371
WS02003085,581698.3033,3495966.9003,9.512,800,552073
WS02003086,581661.9779,3495981.2705,9.573,800,550007
WS02003087,581623.2216,3495994.7619,9.525,800,548452
WS02003088,581585.9023,3496005.5353,9.43,700,536049
WS02003089,581556.4625,3496037.3689,9.803,700,524930
WS02003090,581538.8953,3496056.5591,9.863,800,522617
WS02003081,581841.0998,3495949.5287,9.654,800,561201
WS02003122,581171.611,3496355.7721,9.651,700,413954
WS02003187,581169.0215,3496323.4256,9.44,800,425057
WS02003188,581191.6533,3496277.4319,9.228,800,444972
WS02003190,581213.8647,3496241.284,9.036,800,456599
WS02003193,581253.6212,3496215.3295,9.089,700,466955
WS02003195,581304.0063,3496207.6017,9.183,700,468004
WS02003196,581353.772,3496196.9777,9.49,700,469565
WS02003198,581394.9213,3496184.3458,10.064,800,478129
WS02003199,581410.7578,3496184.43,10.149,800,478137
WS02003200,581462.3867,3496138.3785,9.733,800,491059
WS02003201,581463.6543,3496128.059,9.357,800,492340
WS02003202,581483.9398,3496113.6817,10.233,800,501150
WS6400,581965.7056,3496390.3091,10.336,750,406831
WSA6400,581954.9329,3496393.9618,10.859,750,406313
WS8802,582043.5962,3496116.2524,9.322,750,505014
WSF208,581964.6522,3496362.2582,10.0914,700,417422
WSF207,581959.3581,3496336.2841,10.7357,700,427756
WSF206,581955.2591,3496305.3842,10.6814,800,438602
WSF205,581952.5759,3496273.9547,10.702,800,449704
WSF204,581959.4892,3496236.5315,9.954,700,461580
WSF203,581975.9858,3496189.2519,10.5077,800,474484
WSF202,581979.2825,3496158.831,10.6273,800,485590
WSF201,581982.4485,3496128.6356,10.3254,700,496439
WSF200,582006.7037,3496126.565,9.5828,750,496707
YS02003449,581970.4478,3495937.7402,9.166,700,562801
YS02003912,581975.5134,3495943.1072,9.291,700,562036
YS02005679,582216.0608,3497475.2472,11.143,700,32628
YS02005559,581437.0801,3497154.2526,11.029,700,136743
YS02005593,581166.6337,3496793.6881,9.321,700,266783
YS02005651,581947.7873,3497408.5999,11.89,700,52262
YS02005670,582125.8952,3497451.2783,11.436,700,39711
YS02005547,581536.3006,3497229.8123,11.757,700,113048
YS02005549,581541.3599,3497217.4662,11.78,700,114587
YS02005550,581512.4928,3497205.0776,11.587,700,123372
YS02005551,581506.9347,3497217.2025,11.571,700,114569
YS02005552,581500.054,3497231.4453,9.556,700,112774
YS02005553,581484.3887,3497189.9748,11.39,700,125150
YS02005554,581477.7085,3497201.5945,11.369,700,123611
YS02005556,581460.1721,3497172.1109,11.195,700,134450
YS02005557,581453.1182,3497183.4788,11.196,700,125903
YS02005558,581443.9068,3497201.5838,9.442,700,123594
YS02005560,581429.0928,3497164.8661,10.993,700,135459
YS02005561,581413.6137,3497186.9388,9.441,700,125627
YS02005562,581414.6731,3497136.8663,10.857,700,146043
YS02005563,581406.4989,3497147.3538,10.864,700,144503
YS02005564,581388.7228,3497166.4474,9.497,700,135182
YS02005565,581386.9914,3497112.1436,10.638,700,156110
YS02005566,581377.4478,3497121.5935,10.602,700,147817
YS02005567,581362.5648,3497136.8277,9.505,700,146017
YS02005568,581362.8225,3497084.6268,10.441,700,166689
YS02005569,581352.8443,3497093.5123,10.445,700,158396
YS02005570,581338.1624,3497105.967,9.517,700,156853
YS02005596,581168.6465,3496752.9922,9.336,700,279168
YS02005598,581203.0705,3496715.5179,10.908,700,290802
YS02005600,581193.5007,3496679.6382,10.681,700,302413
YS02005602,581184.4855,3496645.3234,10.433,700,313768
YS02005603,581178.0215,3496613.1142,10.255,700,324869
YS02005606,581156.195,3496617.3645,9.413,700,324346
YS02005609,581174.5259,3496574.4843,9.922,700,336995
YS02005610,581152.271,3496576.9048,9.273,700,336728
YS02005652,581941.7896,3497433.8435,9.404,700,48931
YS02005653,581979.9961,3497402.2296,11.838,700,60054
YS02005654,581976.995,3497415.3045,11.804,700,51253
YS02005655,581975.0481,3497429.9777,11.197,700,49460
YS02005555,581468.5123,3497216.6068,9.411,700,114806
YS02005595,581211.8414,3496748.7068,11.043,700,279702
YS02005607,581156.195,3496617.3645,9.4,700,324346
YS02005657,581972.711,3497435.1207,9.37,700,48690
YS02005658,582009.2657,3497409.0283,11.757,700,52293
YS02005659,582006.2651,3497422.0094,11.708,700,50499
YS02005660,582003.198,3497435.8024,9.475,700,48706
YS02005661,582038.2216,3497416.1065,11.639,700,51283
YS02005662,582034.9084,3497429.1173,11.639,700,49489
YS02005663,582032.859,3497439.2602,9.482,700,41200
YS02005664,582066.7304,3497425.1507,11.613,700,50017
YS02005665,582063.8538,3497438.3198,11.585,700,41472
YS02005666,582061.9363,3497447.0575,9.46,700,40447
YS02005668,582090.1054,3497448.9773,11.403,700,40205
YS02005667,582096.1012,3497436.792,11.506,700,48752
YS02005571,581342.849,3497055.2251,10.403,700,170263
YS02005572,581331.6277,3497062.7923,10.385,700,169490
YS02005574,581314.76,3497075.0488,9.52,700,167945
YS02005575,581314.76,3497075.0488,9.505,700,167945
YS02005576,581319.2318,3497017.183,10.486,700,189132
YS02005577,581307.9505,3497024.2501,10.514,700,181350
YS02005578,581287.0759,3497038.1738,9.397,700,179548
YS02005579,581296.178,3496978.9251,10.744,700,201248
YS02005580,581284.2769,3496984.9894,10.741,700,200474
YS02005581,581259.7155,3496998.9887,9.518,700,191662
YS02005582,581280.115,3496942.0763,10.94,700,212856
YS02005583,581267.6585,3496946.732,10.955,700,212338
YS02005584,581241.1807,3496956.5981,9.515,700,211045
YS02005612,581170.6199,3496555.6896,9.719,700,346305
YS02005613,581151.9977,3496556.3163,9.342,700,346296
YS02005615,581601.7759,3497243.2563,11.96,700,111289
YS02005616,581597.0283,3497255.7289,11.921,700,102743
YS02005617,581590.0664,3497273.7825,9.459,700,100435
YS02005618,581638.7487,3497259.0589,11.997,700,106347
YS02005619,581633.627,3497271.3734,11.95,700,104553
YS02005621,581668.4887,3497271.8267,11.998,700,104570
YS02005622,581662.9303,3497284.014,11.974,700,96023
YS02005623,581658.7458,3497296.3333,9.297,700,94485
YS02005625,581689.9273,3497295.55,11.996,700,94501
YS02005626,581684.7454,3497307.3956,9.323,700,92962
YS02005627,581725.3459,3497297.0994,12.02,700,94263
YS02005628,581719.2267,3497308.9716,11.991,700,92980
YS02005629,581713.9237,3497320.0357,9.258,700,84433
YS02005630,581754.3866,3497312.3004,11.963,700,85477
YS02005631,581747.5825,3497323.7007,11.903,700,83938
YS02005632,581741.8397,3497335.2624,9.289,700,82399
YS02005633,581771.961,3497321.4155,11.988,700,84206
YS02005634,581765.2185,3497333.0036,11.895,700,82923
YS02005636,581809.29,3497340.9999,11.947,700,81921
YS02005637,581802.2366,3497352.274,11.893,700,73373
YS02005638,581793.0987,3497368.1301,9.558,700,71321
YS02005639,581834.6539,3497354.2772,11.95,700,73133
YS02005640,581827.7248,3497365.6768,11.918,700,71594
YS02005641,581819.7276,3497378.2897,9.575,700,63046
YS02005642,581853.7117,3497379.3321,11.939,700,62807
YS02005643,581842.5672,3497396.6466,9.436,700,60753
YS02005644,581892.4378,3497381.6788,11.981,700,62570
YS02005645,581889.624,3497394.7858,11.958,700,61033
YS02005646,581892.395,3497428.3201,9.418,700,49674
YS02005647,581921.581,3497388.7893,11.921,700,61817
YS02005648,581918.6422,3497401.8956,11.874,700,60023
YS02005649,581912.8829,3497429.4521,9.5,700,49428
YS02005650,581950.7258,3497395.556,11.909,700,60807
YS02005620,581626.7479,3497285.3038,9.322,700,95749
YS02005671,582119.4005,3497463.2737,11.353,700,38172
YS02005672,582114.0479,3497471.7445,9.245,700,30137
YS02005673,582155.8143,3497465.734,11.335,700,41700
YS02005674,582149.1955,3497477.5726,11.292,700,32413
YS02005675,582144.6492,3497487.2345,9.339,700,31500
YS02005676,582185.2056,3497473.2204,11.232,700,32795
YS02005678,582179.2284,3497506.9615,9.413,700,21688
YS02005680,582216.9946,3497488.5913,11.12,700,31537
YS02005681,582218.0997,3497505.2165,9.829,700,21707
YS02005682,582246.6445,3497468.994,10.993,700,41563
YS02005683,582250.6987,3497483.072,11.044,700,32099
YS02005684,582254.6515,3497492.3698,10.325,700,31191
YS02005375,581160.7896,3496686.537,9.341,700,301628
YS02005376,581254.382,3496908.6629,11.103,700,224203
YS02005378,581246.6112,3496881.7113,11.154,700,234535
YS02005381,581231.3363,3496824.4509,11.196,700,255968
YS02005624,581695.2359,3497283.3301,12.012,700,96040
YS02005635,581757.9108,3497345.1511,9.433,700,74119
YS02005384,581219.9598,3496781.1741,11.145,700,268346
YS02005677,582183.1406,3497486.5185,11.209,700,31702
YS02005374,581166.9195,3496723.1182,9.338,700,289759
YSB1105,581602.6778,3497229.6568,11.781,700,113081
YSB1106,581631.0215,3497212.915,11.887,700,126248
YSB1109,581655.8593,3497198.3853,11.942,700,128052
YSB1112,581680.7921,3497183.6701,12.085,700,129856
YSB1115,581707.5749,3497168.0093,12.197,700,138926
YSB1118,581733.5072,3497152.9221,12.341,700,140987
YSB1121,581759.1969,3497137.7597,12.374,700,149800
YSB1124,581785.2528,3497122.3383,12.432,700,151861
YSB1128,581809.7905,3497108.2609,12.429,700,160673
YSB1132,581835.5531,3497092.9199,12.355,700,162734
YSB1227,581567.9135,3497218.3837,11.584,700,114600
YSB1228,581568.438,3497228.777,11.662,700,113320
YSB1229,581557.1955,3497261.5981,8.9,700,101955
YSB1202,581774.8798,3497100.7259,12.395,700,161679
YSB1135,581862.5648,3497077.4622,12.261,700,171547
YSB1138,581887.356,3497062.6663,12.068,700,173608
YSB1141,581913.1578,3497047.6974,11.827,700,182421
YSB1145,581937.9748,3497032.9336,11.694,700,184481
YSB1148,581964.5894,3497017.321,11.497,700,193294
YSB1151,581991.2876,3497001.5918,11.328,700,195356
YSB1154,582016.2119,3496986.9865,11.158,700,204424
YSB1198,581796.7842,3497087.6772,12.393,700,163226
YSB1192,581848.1438,3497057.7293,12.172,700,174100
YSB6556,582042.8604,3496971.5889,10.969,700,206229
YSB1205,581748.9897,3497116.1782,12.35,700,159619
YSB1209,581722.761,3497131.3759,12.222,700,150549
YSB1212,581696.7652,3497146.5617,12.126,700,148744
YSB1215,581670.6846,3497161.929,12.051,700,139675
YSB1218,581644.4962,3497177.2739,11.941,700,137614
YSB1221,581616.61,3497193.481,11.868,700,124704
YSB1224,581591.0366,3497208.56,11.747,700,122900
YSB1195,581822.2463,3497072.6707,12.28,700,172295
YSB1189,581874.1859,3497042.6676,11.961,700,183169
YSB1186,581899.992,3497027.4298,11.821,700,184974
YSB1183,581926.7091,3497011.7097,11.641,700,194043
YSB1180,581951.6596,3496997.0596,11.458,700,196104
YSB1177,581976.7973,3496982.5443,11.242,700,204916
YSB1174,582003.2854,3496966.855,11.059,700,206978
YSB1171,582030.2087,3496951.0829,10.854,700,216047
YSB1165,582047.3074,3496942.3796,10.873,700,217080
YS02005548,581525.6794,3497242.3809,9.327,700,111507
YS6132,581867.422,3496448.1746,10.722,800,385342
YS6137,581860.6126,3496428.2383,10.691,800,394906
YS6189,581855.0462,3496413.6984,10.59,800,396696
YS6188,581855.0462,3496413.6984,10.56,800,396696
YS6184,581838.3202,3496363.3168,10.54,800,417103
YS6179,581826.249,3496323.8098,10.58,800,429225
YS6176,581818.2756,3496299.698,10.6,800,439301
YS6175,581818.2756,3496299.698,10.58,800,439301
YS6171,581800.9005,3496248.1586,10.51,800,459964
YS6168,581789.7689,3496214.7642,10.51,800,471319
YS6167,581789.7689,3496214.7642,10.5,800,471319
YS6164,581778.4912,3496180.5694,10.63,800,482673
YS6162,581770.0197,3496154.6788,10.753,800,493005
YS6354,581892.4474,3496548.7853,10.75,800,351530
YS6351,581899.0841,3496574.158,10.71,800,341198
YS6350,581902.8566,3496588.794,10.72,800,339407
YS6348,581912.3053,3496626.9385,10.85,800,327540
YS6344,581921.3133,3496660.2005,10.993,800,316185
YS6375,581932.4439,3496666.6584,11.125,800,315422
YS6377,581966.8241,3496658.1178,10.96,800,316463
YS6381,582005.5676,3496648.5526,10.73,800,317763
YS6386,582043.6026,3496637.3034,10.48,800,319062
YS6390,582083.7485,3496627.4547,10.19,800,327370
YS6394,582100.2868,3496622.6779,10.12,800,328146
YS6395,582119.9337,3496627.7323,9.425,800,327388
YS6404,581912.7677,3496431.9726,10.23,800,394420
YS6401,581958.2839,3496420.7018,9.814,800,395979
YS02004319,581663.4128,3496489.987,20.797,750,372856
YS02004320,581630.8596,3496490.2013,24.34,750,372839
YS02004321,581595.6835,3496490.1526,28.28,750,368982
YS02004307,581809.5124,3496466.7585,11.732,700,383009
YS02004309,581777.5576,3496477.1221,13.069,750,374449
YS02004312,581743.3453,3496485.8712,14.91,750,373408
YS02004314,581714.1492,3496489.4798,16.991,750,372881
YS02004316,581685.6275,3496490.1404,19.125,750,372867
YS02405201,581836.3938,3496457.4138,11.147,750,384046
YS02003309,581551.1525,3496057.1614,9.775,750,522368
YS02003306,581578.3407,3496042.1029,9.601,630,524429
YS02003269,581946.7104,3495943.0275,9.217,800,562277
YS02003272,581909.4977,3495950.529,9.461,630,561235
YS02003278,581844.1443,3495963.0149,9.368,700,559666
YS02003281,581815.8777,3495968.1863,9.468,700,551876
YS02003284,581786.798,3495973.541,9.407,700,551093
YS02003287,581757.5295,3495979.1761,9.341,630,550311
YS02003290,581727.1099,3495983.837,9.455,630,549784
YS02003294,581695.7849,3495994.6945,9.425,630,548488
YS02003275,581868.8468,3495958.3883,9.419,700,560190
YS02003297,581665.8482,3496005.5789,9.426,630,539929
YS02003300,581635.6993,3496016.4154,9.419,630,538634
YS02003303,581605.5935,3496027.1171,9.457,630,533243
HS02003168,582014.1515,3496064.6032,9.716,700,518663
HS02003171,581991.3329,3495991.3263,9.281,700,548892
HS02003172,581965.3125,3495921.1576,7.952,700,569807
HS02003174,581970.4478,3495937.7402,9.166,700,562801
HS02003001,581961.3774,3496085.5236,9.655,700,515821
HS02003004,581932.165,3496092.4397,9.818,700,515038
HS02003007,581902.8913,3496099.1368,10.125,700,506991
HS02003010,581874.5485,3496107.0882,10.353,700,506209
HS02003013,581845.8906,3496115.6002,10.518,700,504915
HS02003017,581832.2497,3496119.6879,10.637,700,504396
HS02003018,581817.294,3496124.3313,10.695,700,503877
HS02003042,581636.6497,3496177.8289,11.35,700,482858
HS02003070,581479.3283,3496227.724,11.151,700,458524
HS02003166,581993.2113,3496079.1514,9.674,700,516605
HS02003170,581992.5698,3496069.87,9.674,700,517884
HS02003028,581735.0066,3496149.8545,11.142,700,493500
HS02003039,581666.3622,3496170.8528,11.532,700,483897
HS02003021,581789.2603,3496132.9715,10.923,700,495831
HS02003036,581689.3884,3496164.0623,11.474,700,484677
HS02003053,581583.4962,3496187.0323,10.963,700,477968
HS02003056,581547.8546,3496192.6671,10.883,700,470174
HS02003065,581507.0978,3496209.3356,11.035,700,467850
HS02003069,581497.8211,3496215.3504,11.13,700,467077
HS02003077,581448.4594,3496253.8134,11.217,700,448172
HS02003079,581418.8398,3496279.9401,11.112,700,444829
HS02003084,581406.4033,3496293.187,11.081,630,436023
HS02003088,581386.2416,3496314.5806,11.075,630,433453
HS02003119,581277.561,3496434.1312,10.316,630,390007
HS02003122,581253.5549,3496462.2226,9.971,630,379403
HS02003125,581237.0921,3496481.0728,9.85,700,370083
HS02003100,581369.7853,3496332.1188,10.964,630,424133
HS02003108,581354.898,3496348.2277,10.863,700,422077
HS02003111,581334.7941,3496370.5589,10.843,700,412243
HS02003113,581341.7064,3496362.5644,10.829,700,413271
HS02003116,581308.2239,3496399.1687,10.555,630,401382
HS02004479,582047.3074,3496942.3796,11.054,700,217080
HS02004480,582057.651,3496935.4797,11.051,700,217853
HS02004478,582064.3749,3496953.0073,11.088,700,215808
HS02006550,582047.3074,3496942.3796,11.056,700,217080
HS02003139,581513.5931,3496086.0226,9.238,1000,511757
HS02003136,581529.242,3496115.3811,10.003,700,500917
HS02003138,581511.573,3496085.8909,9.822,700,511756
HS02004053,581873.7236,3496438.854,10.671,700,393633
HS02004770,581942.3193,3496712.5746,11.251,700,295523
HS02004802,582074.6227,3496978.1125,11.049,630,205477
HS02004788,581989.3725,3496834.7407,11.319,700,251899
HS02004837,582146.0007,3497162.8126,11.62,630,143087
HS02004842,582160.0669,3497199.1206,11.49,630,131444
HS02004848,582174.443,3497235.9612,11.671,630,119983
HS02004852,582188.88,3497273.1144,11.632,630,108340
HS02004876,582258.2168,3497415.6305,11.29,630,54493
HS02004881,582276.5361,3497451.0534,11.179,630,43216
HS02004901,581931.7318,3496674.0033,11.243,700,307390
HS02004817,582103.372,3497052.3559,11.288,630,182004
HS02004824,582117.6219,3497089.4457,11.413,630,163131
HS02004830,582131.9964,3497126.5987,11.499,630,154548
HS02004856,582203.6938,3497309.8634,11.496,630,88688
HS02004862,582221.7034,3497344.7538,11.384,630,77411
HS02004870,582239.8974,3497380.2387,11.387,630,65952
HS02004777,581952.0581,3496748.9049,11.279,700,283912
HS02004784,581968.0602,3496800.873,11.516,600,263248
HS02004794,582022.5012,3496882.1839,11.229,600,238763
HS02004798,582045.569,3496916.4768,11.139,600,227415
HS02004807,582088.9972,3497015.2654,11.09,600,193613
HS02004028,581452.8792,3496586.2922,37.367,700,335598
HS02004036,581632.1547,3496476.2395,24.472,700,381640
HS02003162,581560.1294,3496478.0746,31.033,700,370500
HS02004019,581562.627,3496491.0517,31.761,700,368965
HS02004021,581536.6243,3496493.2663,32.541,700,368440
HS02004022,581508.7212,3496500.7512,33.842,1000,367658
HS02004024,581478.6838,3496510.2562,35.016,1000,359355
HS02004026,581467.1724,3496538.6278,36.104,1000,355766
HS02004027,581462.2166,3496555.3168,36.755,1000,346451
HS02004034,581592.9225,3496476.7292,28.834,1000,377780
HS02004038,581667.0747,3496475.9627,20.695,700,381658
HS02004041,581704.3767,3496475.6782,17.433,700,381676
HS02004043,581738.5184,3496476.4246,14.933,700,381693
HS02004046,581764.5149,3496468.366,13.519,700,382730
HS02004048,581784.8859,3496462.3142,12.605,700,383508
HS02004049,581805.1608,3496455.7897,11.784,700,384287
HS02004052,581836.3938,3496457.4138,11.147,700,384046
HS02003145,581515.0074,3496252.4548,14.685,700,455470
HS02003143,581512.5767,3496238.5722,13.266,700,457260
HS02003150,581539.1325,3496377.5029,26.879,700,411322
HS02003160,581547.1947,3496415.0308,28.875,700,392702
HS02003148,581529.4887,3496331.2825,22.57,700,424213
HS02004010,581530.0778,3496591.734,38.536,700,334869
HS02004013,581536.8235,3496554.1854,35.857,700,346744
HS02004017,581544.1279,3496530.0417,34.366,700,356828
HS02004018,581556.6729,3496532.7902,33.812,700,356578
YS02001757,582481.6749,3497359.1892,0.0,700,76085
YS02001738,582426.1852,3497550.5109,0.0,700,9615
YS02001739,582434.1591,3497529.9631,0.0,700,19631
YS02001742,582441.1573,3497504.5682,0.0,700,22001
YS02001745,582449.1692,3497476.3354,0.0,700,32745
YS02001748,582456.9383,3497446.6644,0.0,700,43670
YS02001751,582465.0109,3497418.7756,0.0,700,54415
YS02001754,582473.0236,3497390.3866,0.0,700,65159
YS02001759,582485.5699,3497329.5615,0.0,700,87009
YS02001762,582487.5795,3497302.1739,0.0,700,97750
YS02001765,582487.4542,3497276.9312,0.0,700,108308
YS02001767,582484.4737,3497241.5371,0.0,700,119592
YS02001770,582468.8909,3497189.6797,0.0,700,132508
YS02001774,582460.6931,3497166.9589,0.0,700,142880
YS02001779,582446.9064,3497130.9959,0.0,700,154341
YS02001882,582434.3442,3497100.0686,0.0,700,165257
YS02001884,582423.8585,3497072.5256,0.0,700,175992
YS02001887,582413.248,3497044.9507,0.0,700,186727
YS02001890,582402.3285,3497016.6869,0.0,700,197461
YS02001895,582391.408,3496988.6419,0.0,700,208196
YS02001898,582379.9922,3496959.6572,0.0,700,210738
YS02001901,582369.197,3496931.5191,0.0,700,221473
YS02001904,582358.709,3496904.4445,0.0,700,232207
YS02001907,582350.0097,3496882.065,0.0,700,242397
YS02006553,582326.2427,3496887.0398,0.0,700,242021
YS02006556,582298.9665,3496894.0904,0.0,700,233088
YS02006558,582283.7629,3496898.3265,0.0,700,232716
YS02006562,582271.5043,3496900.8589,0.0,700,232528
YS02006561,582287.8584,3496942.0204,0.0,700,220522
YS02001783,582288.426,3496966.2655,0.0,700,210146
YS02001784,582292.2158,3496995.9311,0.0,700,199226
YS02001786,582294.4986,3497014.4677,0.0,700,197589
YS02001788,582302.6487,3497034.1892,0.0,700,187581
YS02001790,582318.2584,3497061.6014,0.0,700,176849
YS02001791,582290.9609,3497085.6153,0.0,700,166460
YS02001793,582298.9917,3497104.1803,0.0,700,164826
YS02001910,582337.2529,3496846.2945,0.0,700,253859
YS02001915,582327.7243,3496817.8893,0.0,700,264594
YS02001918,582304.3449,3496761.7252,0.0,700,286062
YS02001920,582293.3496,3496732.5556,0.0,700,296979
YS02001923,582284.2333,3496704.9291,0.0,700,299522
YS02001926,582273.5292,3496677.3147,0.0,700,310075
YS02001929,582260.256,3496648.0396,0.0,700,320990
YS02001932,582249.4605,3496619.964,0.0,700,331725
YS02001935,582238.4151,3496591.887,0.0,700,342459
JiankangQianchi,582303.4638,3497126.9739,0.0,700,154634
CaochengTiaoxuchi,582377.994883,3497361.99929,0.0,700,75851
WS02001211,582133.903,3496346.041,0.0,700,-1
WS02001213,582094.708,3496253.466,0.0,700,-1
WS02001212,582103.788,3496276.35,0.0,700,-1
WS02003059,582064.79,3496172.755,0.0,700,-1
WS02006252,582312.117,3497431.616,0.0,700,-1
WS02006256,582244.277,3497101.271,0.0,700,-1
WS02004138,582216.744,3496358.16,0.0,700,-1
WS02004139,582200.08,3496361.584,0.0,700,-1
HS02004799,582045.569,3496916.477,0.0,700,-1
WS02004041,582052.1,3495902.552,0.0,700,-1
HS02004792,582022.501,3496882.184,0.0,700,-1
HS02004785,581968.06,3496800.873,0.0,700,-1
CaochengRainPumpOutfall1,582335.317,3497445.719,0.0,700,-1
CaochengRainPumpOutfall2,582335.975,3497450.342,0.0,700,-1
JiankangRainPumpOutfall2,582245.161,3497133.642,0.0,700,-1
JiankangRainPumpOutfall1,582245.759,3497137.822,0.0,700,-1
YS02005669,582086.379,33497457.113,0.0,700,-1
YSB1103,581584.99,3497272.256,0.0,700,-1
YS6405,581977.657,3496423.431,0.0,700,-1
WSC,582055.086,3495892.417,0.0,700,-1
XierchiQianchi,582443.912,3496345.722,0.0,700,-1
WS02003076,582001.314,3495918.376,0.0,700,-1
YS6360,581883.287,3496514.921,0.0,700,-1
YS6187,581875.718,3496482.863,0.0,700,-1
YS6363,581875.718,3496482.863,0.0,700,-1
